739448300185
739448309190
801253900076
801253900079
801253900082
801253900085
801253900088
801253900091
801253900093
801253900098
801253900122
801253900180
801253900213
801253900214
801253901001
801253901002
801253901003
801253901004
801253901005
801253901104
801253901105
801253901108
801253901109
801253901110
801253901111
801253902101
801253902102
801253902103
801253905008
801253905509
801253905510
801253905512
801253905515
801253905516
801253905517
801253905656
801253905658
801253905668
801253906208
801253906210
801253906336
801253906508
801253906510
801253906512
801253906514
801253906610
801253906614
801253906618
801253906620
801253906632
801253906705
801253907271
801253907272
801253907810
801253907820
801253909004
801253909088
801253925111
801253929503
801253929505
843578260088
843578260242
